C:/Users/HUAWEI/Desktop/students_exams.csv
59.5707 -83.0288 -139.252
77.0924 -77.5937 -151.654
95.8639 -73.6008 -162.411
114.634 -69.6079 -173.166
133.406 -65.6151 -183.923
152.177 -61.6222 -194.68
170.948 -57.6292 -205.436
189.719 -53.6363 -216.193
208.491 -49.6434 -226.95
227.261 -45.6506 -237.706
246.033 -41.6577 -248.463
264.804 -37.6648 -259.219
283.575 -33.672 -269.975
302.346 -29.679 -280.732
321.116 -25.6862 -291.489
339.888 -21.6932 -302.245
359.908 -19.1425 -311.357
377.43 -13.7074 -323.759
396.201 -9.71452 -334.514
414.973 -5.72167 -345.271
436.242 -4.61306 -352.738
452.515 2.26412 -366.784
471.286 6.257 -377.541
492.556 7.36561 -385.008
508.828 14.2428 -399.054
527.6 18.2356 -409.811
546.37 22.2286 -420.566
566.391 24.7793 -429.679
583.913 30.2144 -442.08
602.683 34.2072 -452.836
61.8724 -63.996 -128.171
80.6432 -60.0031 -138.928
99.4147 -56.0101 -149.684
118.185 -52.0172 -160.441
136.957 -48.0245 -171.197
155.728 -44.0315 -181.953
174.499 -40.0386 -192.71
193.27 -36.0457 -203.467
212.042 -32.0528 -214.223
230.812 -28.06 -224.98
249.583 -24.0671 -235.737
268.355 -20.0741 -246.492
287.125 -16.0812 -257.249
305.897 -12.0885 -268.005
324.668 -8.09551 -278.762
343.439 -4.1026 -289.519
362.21 -0.109713 -300.275
380.981 3.88317 -311.032
399.752 7.87609 -321.789
418.524 11.869 -332.544
437.294 15.8619 -343.301
456.066 19.8547 -354.058
474.837 23.8477 -364.814
493.607 27.8405 -375.571
512.379 31.8335 -386.328
531.15 35.8263 -397.084
549.921 39.8192 -407.84
568.692 43.812 -418.596
587.463 47.8049 -429.353
606.234 51.7979 -440.11
65.4232 -46.4053 -115.445
84.194 -42.4124 -126.201
102.966 -38.4195 -136.958
121.737 -34.4266 -147.715
140.507 -30.4337 -158.47
159.279 -26.4408 -169.227
178.049 -22.4479 -179.983
196.821 -18.455 -190.74
215.592 -14.4621 -201.497
234.363 -10.4693 -212.253
253.134 -6.47638 -223.01
271.906 -2.48348 -233.767
290.676 1.50939 -244.522
309.448 5.5023 -255.279
328.219 9.49518 -266.036
346.99 13.4881 -276.792
365.761 17.481 -287.549
384.533 21.4739 -298.306
403.303 25.4668 -309.061
422.074 29.4597 -319.818
440.845 33.4525 -330.575
459.616 37.4454 -341.331
478.388 41.4383 -352.088
497.158 45.4313 -362.845
515.93 49.4241 -373.601
534.701 53.417 -384.358
553.472 57.4099 -395.113
572.243 61.4028 -405.87
591.015 65.3958 -416.627
609.785 69.3886 -427.383
68.9741 -28.8146 -102.718
87.7448 -24.8217 -113.475
106.516 -20.8288 -124.231
125.288 -16.8359 -134.988
144.058 -12.8431 -145.744
162.83 -8.85017 -156.5
181.601 -4.85726 -167.257
200.372 -0.864406 -178.014
219.143 3.1285 -188.77
237.914 7.12138 -199.527
256.685 11.1143 -210.284
275.457 15.1072 -221.04
294.227 19.1001 -231.796
312.998 23.093 -242.553
331.77 27.0859 -253.309
350.54 31.0787 -264.066
369.312 35.0716 -274.822
388.083 39.0645 -285.579
406.854 43.0574 -296.336
425.625 47.0503 -307.091
444.397 51.0432 -317.848
463.167 55.0361 -328.605
481.939 59.029 -339.361
500.709 63.022 -350.118
519.481 67.0148 -360.875
538.252 71.0077 -371.631
557.022 75.0005 -382.388
575.794 78.9934 -393.144
594.565 82.9863 -403.9
613.336 86.9792 -414.657
72.5249 -11.224 -89.9918
91.2956 -7.23109 -100.748
110.067 -3.23819 -111.505
128.839 0.754691 -122.262
147.609 4.74759 -133.018
166.381 8.7405 -143.774
185.152 12.7334 -154.531
203.922 16.7263 -165.287
222.694 20.7192 -176.044
241.465 24.712 -186.801
260.236 28.7049 -197.557
279.007 32.6978 -208.314
297.779 36.6907 -219.071
316.549 40.6836 -229.826
335.321 44.6765 -240.583
354.091 48.6694 -251.339
372.863 52.6623 -262.096
391.634 56.6552 -272.853
410.405 60.6481 -283.609
429.176 64.641 -294.366
447.947 68.6338 -305.122
466.718 72.6268 -315.878
485.489 76.6196 -326.635
504.261 80.6126 -337.392
523.031 84.6055 -348.148
541.803 88.5984 -358.905
560.573 92.5913 -369.662
579.345 96.5841 -380.417
598.116 100.577 -391.174
616.887 104.57 -401.931
76.0758 6.36669 -77.2654
94.8464 10.3596 -88.022
113.618 14.3525 -98.7785
132.389 18.3454 -109.535
151.16 22.3383 -120.292
169.931 26.3311 -131.049
188.703 30.324 -141.804
207.473 34.3169 -152.561
226.245 38.3098 -163.318
245.016 42.3027 -174.074
263.787 46.2956 -184.831
282.558 50.2885 -195.587
301.33 54.2814 -206.344
320.1 58.2743 -217.1
338.872 62.2672 -227.856
357.642 66.26 -238.613
376.413 70.2529 -249.37
395.185 74.2458 -260.126
413.955 78.2388 -270.883
432.727 82.2316 -281.64
451.498 86.2245 -292.395
470.269 90.2174 -303.152
489.04 94.2104 -313.909
507.812 98.2032 -324.665
526.582 102.196 -335.422
545.354 106.189 -346.179
564.124 110.182 -356.935
582.896 114.175 -367.692
601.667 118.168 -378.447
620.437 122.16 -389.204
79.6268 23.9573 -64.5391
98.3972 27.9502 -75.2956
117.169 31.9431 -86.0521
135.94 35.936 -96.8086
154.711 39.9289 -107.565
173.482 43.9218 -118.322
192.254 47.9147 -129.078
211.024 51.9076 -139.834
229.796 55.9005 -150.591
248.567 59.8934 -161.348
267.337 63.8862 -172.104
286.109 67.8791 -182.861
304.88 71.872 -193.618
323.651 75.8649 -204.373
342.422 79.8578 -215.13
361.194 83.8507 -225.887
379.964 87.8436 -236.643
398.736 91.8366 -247.4
417.506 95.8294 -258.157
436.278 99.8223 -268.913
455.049 103.815 -279.67
473.82 107.808 -290.425
492.591 111.801 -301.182
511.363 115.794 -311.939
530.133 119.787 -322.695
548.904 123.78 -333.452
567.676 127.773 -344.209
586.446 131.766 -354.965
605.218 135.759 -365.721
623.989 139.752 -376.478
83.1776 41.548 -51.8128
101.949 45.5409 -62.5692
120.72 49.5339 -73.3258
139.491 53.5267 -84.0822
158.261 57.5196 -94.8387
177.033 61.5126 -105.595
195.804 65.5053 -116.351
214.575 69.4982 -127.108
233.346 73.4911 -137.865
252.118 77.4841 -148.621
270.888 81.477 -159.378
289.66 85.4698 -170.135
308.431 89.4627 -180.891
327.202 93.4557 -191.648
345.973 97.4486 -202.404
364.745 101.441 -213.16
383.515 105.434 -223.917
402.287 109.427 -234.673
421.057 113.42 -245.43
439.828 117.413 -256.187
458.6 121.406 -266.943
477.37 125.399 -277.699
496.142 129.392 -288.456
514.913 133.385 -299.212
533.684 137.378 -309.969
552.455 141.37 -320.726
571.227 145.363 -331.482
589.997 149.356 -342.239
608.769 153.349 -352.996
627.54 157.342 -363.751
86.7284 59.1386 -39.0863
105.5 63.1315 -49.8429
124.27 67.1244 -60.5993
143.042 71.1173 -71.3559
161.813 75.1103 -82.1124
180.584 79.1031 -92.8689
199.355 83.096 -103.625
218.126 87.0889 -114.382
236.897 91.0819 -125.138
255.669 95.0747 -135.895
274.439 99.0676 -146.652
293.211 103.061 -157.408
311.982 107.053 -168.165
330.752 111.046 -178.921
349.524 115.039 -189.677
368.295 119.032 -200.434
387.066 123.025 -211.19
405.837 127.018 -221.947
424.609 131.011 -232.704
443.379 135.004 -243.46
462.151 138.996 -254.217
480.921 142.989 -264.974
499.693 146.982 -275.729
518.464 150.975 -286.486
537.235 154.968 -297.243
556.006 158.961 -307.999
574.778 162.954 -318.756
593.548 166.947 -329.513
612.319 170.94 -340.268
631.091 174.933 -351.025
90.2792 76.7293 -26.36
109.051 80.7223 -37.1165
127.821 84.7151 -47.873
146.593 88.708 -58.6296
165.364 92.701 -69.386
184.135 96.6939 -80.1426
202.906 100.687 -90.8991
221.678 104.68 -101.656
240.448 108.673 -112.412
259.219 112.665 -123.168
277.991 116.658 -133.925
296.761 120.651 -144.682
315.533 124.644 -155.438
334.303 128.637 -166.195
353.075 132.63 -176.952
371.846 136.622 -187.707
390.617 140.615 -198.464
409.388 144.608 -209.221
428.16 148.601 -219.977
446.93 152.594 -230.734
465.702 156.587 -241.491
484.473 160.58 -252.247
503.243 164.573 -263.003
522.015 168.566 -273.76
540.785 172.559 -284.516
559.557 176.551 -295.273
578.328 180.544 -306.029
597.099 184.537 -316.786
615.87 188.53 -327.543
634.642 192.523 -338.298
93.83 94.3201 -13.6336
112.602 98.3128 -24.3902
131.372 102.306 -35.1467
150.143 106.299 -45.9031
168.915 110.292 -56.6597
187.685 114.285 -67.4161
206.457 118.278 -78.1727
225.228 122.271 -88.9292
243.999 126.264 -99.6857
262.77 130.257 -110.442
281.542 134.248 -121.199
300.312 138.241 -131.955
319.084 142.234 -142.712
337.854 146.227 -153.469
356.625 150.22 -164.225
375.397 154.213 -174.981
394.167 158.206 -185.738
412.939 162.199 -196.494
431.71 166.192 -207.251
450.481 170.185 -218.008
469.252 174.177 -228.764
488.024 178.17 -239.521
506.794 182.163 -250.276
525.566 186.156 -261.033
544.337 190.149 -271.79
563.108 194.142 -282.546
581.879 198.135 -293.303
600.649 202.128 -304.06
619.421 206.121 -314.816
638.193 210.114 -325.573
97.3808 111.911 -0.907238
116.152 115.904 -11.6637
134.923 119.897 -22.4203
153.694 123.89 -33.1768
172.466 127.883 -43.9333
191.236 131.875 -54.6898
210.008 135.868 -65.4464
228.779 139.861 -76.2028
247.549 143.854 -86.9594
266.321 147.847 -97.7159
285.092 151.84 -108.472
303.863 155.833 -119.229
322.634 159.826 -129.986
341.406 163.819 -140.742
360.176 167.812 -151.499
378.948 171.805 -162.256
397.718 175.797 -173.011
416.49 179.79 -183.768
435.261 183.783 -194.524
454.032 187.776 -205.281
472.803 191.769 -216.038
491.575 195.762 -226.794
510.345 199.755 -237.551
529.117 203.748 -248.307
547.888 207.741 -259.063
566.658 211.734 -269.82
585.43 215.725 -280.577
604.201 219.718 -291.333
622.972 223.711 -302.09
641.743 227.704 -312.847
100.932 129.501 11.8192
119.703 133.494 1.06259
138.474 137.487 -9.69392
157.245 141.48 -20.4504
176.017 145.473 -31.2069
194.787 149.466 -41.9635
213.558 153.459 -52.7199
232.33 157.452 -63.4765
251.1 161.445 -74.2329
269.872 165.438 -84.9895
288.643 169.43 -95.746
307.414 173.423 -106.503
326.185 177.416 -117.259
344.957 181.409 -128.016
363.727 185.402 -138.772
382.499 189.395 -149.529
401.269 193.388 -160.285
420.041 197.381 -171.041
438.812 201.374 -181.798
457.582 205.367 -192.555
476.354 209.36 -203.311
495.125 213.352 -214.068
515.145 215.903 -223.179
532.667 221.338 -235.58
551.439 225.331 -246.337
570.209 229.324 -257.094
588.981 233.317 -267.85
607.752 237.31 -278.607
626.523 241.303 -289.363
645.294 245.296 -300.12
104.482 147.092 24.5455
123.254 151.085 13.7889
142.025 155.078 3.03246
160.796 159.071 -7.72405
179.567 163.064 -18.4806
198.338 167.056 -29.2371
217.109 171.049 -39.9936
235.881 175.042 -50.7502
254.651 179.035 -61.5066
273.423 183.028 -72.2632
292.194 187.021 -83.0196
310.965 191.014 -93.7761
329.736 195.007 -104.533
348.508 199 -115.289
367.278 202.993 -126.046
386.049 206.986 -136.803
404.821 210.978 -147.558
423.591 214.971 -158.315
442.363 218.964 -169.072
461.133 222.957 -179.828
479.905 226.95 -190.585
498.676 230.943 -201.342
517.447 234.936 -212.098
536.218 238.929 -222.855
554.99 242.922 -233.61
573.76 246.915 -244.367
592.531 250.908 -255.124
611.303 254.9 -265.88
630.073 258.893 -276.637
648.845 262.886 -287.394
108.033 164.683 37.2719
126.805 168.675 26.5153
145.576 172.668 15.7588
164.347 176.661 5.00231
183.118 180.654 -5.75421
201.89 184.647 -16.5108
221.91 187.198 -25.6224
240.68 191.191 -36.379
258.202 196.626 -48.7803
276.973 200.619 -59.5368
295.745 204.612 -70.2933
315.765 207.162 -79.4049
335.785 209.713 -88.5167
353.307 215.148 -100.918
370.829 220.583 -113.32
389.6 224.576 -124.076
409.62 227.127 -133.188
427.142 232.562 -145.589
448.412 233.671 -153.056
465.934 239.106 -165.458
484.705 243.099 -176.213
502.227 248.533 -188.615
520.997 252.526 -199.372
539.769 256.519 -210.128
561.039 257.628 -217.595
577.311 264.505 -231.641
596.082 268.498 -242.397
614.854 272.491 -253.154
633.624 276.484 -263.911
652.396 280.477 -274.667
111.584 182.273 49.9982
130.356 186.266 39.2417
149.127 190.259 28.4852
167.897 194.252 17.7287
186.669 198.245 6.97217
205.44 202.238 -3.78434
225.46 204.788 -12.8961
244.232 208.781 -23.6525
264.252 211.332 -32.7643
280.524 218.209 -46.8104
300.545 220.76 -55.9221
318.066 226.195 -68.3234
341.835 224.42 -72.5008
355.609 234.181 -89.8365
376.879 235.29 -97.3034
394.401 240.725 -109.705
415.67 241.833 -117.172
433.192 247.268 -129.573
453.212 249.819 -138.685
469.484 256.696 -152.731
488.256 260.689 -163.488
508.276 263.24 -172.599
527.047 267.233 -183.356
543.32 274.11 -197.402
564.589 275.219 -204.868
585.859 276.327 -212.335
599.633 286.088 -229.671
618.405 290.081 -240.428
638.425 292.632 -249.539
655.947 298.067 -261.941
117.634 196.979 66.0142
133.906 203.856 51.9681
152.678 207.849 41.2115
171.448 211.842 30.455
190.22 215.835 19.6986
208.991 219.828 8.94201
234.008 216.611 6.40947
247.783 226.372 -10.9262
267.803 228.923 -20.0379
285.325 234.358 -32.4392
306.594 235.466 -39.9062
322.867 242.343 -53.9523
341.638 246.336 -64.7087
361.658 248.887 -73.8206
382.928 249.996 -81.2875
399.201 256.873 -95.3336
415.473 263.75 -109.38
435.493 266.301 -118.491
461.76 261.642 -119.38
478.033 268.519 -133.426
499.302 269.627 -140.892
514.326 277.946 -156.583
535.596 279.055 -164.05
548.12 290.258 -183.03
569.39 291.367 -190.497
585.662 298.244 -204.544
603.184 303.679 -216.945
623.204 306.23 -226.057
640.726 311.665 -238.458
659.497 315.658 -249.214
118.687 217.455 75.451
137.457 221.448 64.6944
156.229 225.441 53.938
174.999 229.434 43.1814
193.771 233.427 32.4249
212.542 237.42 21.6684
235.06 237.085 15.8462
253.832 241.078 5.0897
271.354 246.513 -7.31158
290.125 250.506 -18.0681
306.397 257.384 -32.1142
325.169 261.377 -42.8707
346.438 262.485 -50.3377
362.711 269.363 -64.3838
382.731 271.913 -73.4954
402.752 274.464 -82.6071
421.522 278.456 -93.3637
437.794 285.333 -107.41
461.563 283.558 -111.587
476.586 291.877 -127.278
501.604 288.66 -129.811
517.877 295.537 -143.857
546.642 287.992 -141.454
557.918 300.639 -162.081
579.188 301.747 -169.547
591.712 312.951 -188.528
606.735 321.269 -204.218
625.506 325.262 -214.975
646.776 326.371 -222.442
663.048 333.248 -236.488
124.736 232.162 91.4669
141.008 239.038 77.4208
159.779 243.031 66.6643
178.551 247.024 55.9078
197.321 251.017 45.1513
216.093 255.01 34.3948
244.858 247.466 36.7965
253.635 262.996 12.8818
272.406 266.989 2.12519
291.177 270.982 -8.6313
314.945 269.205 -12.8086
328.72 278.967 -30.1443
356.235 272.865 -29.3874
368.76 284.068 -48.3678
388.781 286.619 -57.4795
403.803 294.939 -73.1704
428.821 291.721 -75.703
445.094 298.598 -89.7491
471.361 293.938 -90.6368
486.384 302.258 -106.328
507.653 303.366 -113.795
527.673 305.917 -122.906
557.689 296.931 -118.859
555.222 325.439 -157.577
582.738 319.338 -156.82
604.008 320.447 -164.287
610.286 338.861 -191.492
629.057 342.854 -202.248
649.077 345.404 -211.361
666.599 350.84 -223.762
132.034 245.425 109.128
144.559 256.629 90.1472
163.33 260.622 79.3906
182.102 264.615 68.6342
200.872 268.608 57.8776
219.644 272.601 47.1211
247.159 266.498 47.8781
259.685 277.702 28.8977
277.206 283.137 16.4964
298.476 284.246 9.02942
317.247 288.239 -1.72709
332.27 296.558 -17.418
353.54 297.667 -24.8849
372.31 301.66 -35.6414
393.58 302.768 -43.1083
414.851 303.876 -50.5753
439.868 300.659 -53.1079
447.395 317.631 -78.6675
479.909 305.76 -71.3314
497.43 311.196 -83.7327
511.204 320.957 -101.068
538.721 314.854 -100.311
558.741 317.405 -109.423
563.77 337.262 -138.272
592.535 329.717 -135.871
607.559 338.037 -151.561
618.834 350.682 -172.186
633.857 359.002 -187.878
653.878 361.552 -196.989
670.15 368.43 -211.035
135.585 263.016 121.854
148.11 274.219 102.874
166.881 278.212 92.1171
185.653 282.205 81.3605
204.423 286.198 70.604
223.194 290.191 59.8475
250.711 284.089 60.6044
263.236 295.293 41.6241
282.006 299.286 30.8675
300.777 303.279 20.1111
317.05 310.156 6.06493
335.821 314.149 -4.69159
363.337 308.046 -3.93462
375.862 319.25 -22.915
392.135 326.127 -36.9611
418.402 321.467 -37.8489
433.424 329.787 -53.5398
452.196 333.78 -64.2963
478.463 329.119 -65.1841
502.23 327.344 -69.3615
528.497 322.684 -70.2493
552.266 320.908 -74.4267
566.039 330.67 -91.7623
568.57 353.41 -123.901
608.579 332.886 -106.696
618.605 346.975 -128.966
622.385 368.273 -159.46
638.657 375.151 -173.506
659.927 376.259 -180.973
673.701 386.021 -198.309
135.388 284.933 129.646
151.66 291.81 115.6
170.432 295.803 104.843
189.203 299.796 94.0869
207.974 303.789 83.3304
226.745 307.782 72.5738
258.009 297.353 78.2651
265.537 314.325 52.7056
285.557 316.876 43.5939
304.328 320.869 32.8373
321.85 326.304 20.4361
343.12 327.413 12.9691
364.389 328.522 5.50223
378.164 338.283 -11.8335
399.433 339.392 -19.3005
420.703 340.501 -26.7673
440.723 343.05 -35.8791
454.497 352.812 -53.2147
487.011 340.942 -45.8786
497.036 355.029 -68.1486
530.798 341.716 -59.1677
549.57 345.709 -69.9241
582.084 333.839 -62.5881
579.617 362.348 -101.306
625.871 334.615 -75.8772
623.405 363.123 -114.595
627.185 384.421 -145.089
648.455 385.53 -152.556
663.478 393.85 -168.247
677.251 403.611 -185.582
142.687 298.197 147.307
155.211 309.401 128.326
173.983 313.393 117.57
192.754 317.386 106.813
211.525 321.379 96.0567
230.296 325.372 85.3003
255.313 322.155 82.7676
267.838 333.358 63.7871
286.609 337.351 53.0307
306.629 339.902 43.9189
329.149 339.568 38.0969
346.671 345.003 25.6956
366.691 347.554 16.5838
381.714 355.873 0.892913
406.732 352.656 -1.6397
423.004 359.533 -15.6858
440.526 364.968 -28.0871
458.048 370.403 -40.4884
485.564 364.301 -39.7313
509.332 362.525 -43.9088
533.101 360.749 -48.0862
560.616 354.648 -47.3292
594.379 341.334 -38.3482
585.667 377.055 -85.29
634.42 346.436 -56.5717
676.928 323.028 -36.0774
630.736 402.013 -132.363
668.246 384.373 -118.447
684.519 391.25 -132.494
680.802 421.202 -172.856
151.235 310.02 166.613
158.762 326.992 141.053
177.533 330.984 130.296
196.305 334.978 119.539
215.075 338.971 108.783
233.847 342.964 98.0265
258.864 339.745 95.494
275.138 346.622 81.4479
290.16 354.941 65.757
315.177 351.724 63.2244
332.699 357.159 50.8232
347.723 365.478 35.1322
368.993 366.587 27.6653
385.265 373.464 13.6192
406.535 374.573 6.15232
427.804 375.682 -1.31467
449.074 376.79 -8.78161
461.599 387.993 -27.762
487.865 383.333 -28.6498
511.634 381.558 -32.8272
540.399 374.014 -30.4255
569.164 366.469 -28.0236
604.176 351.714 -17.398
609.205 371.571 -46.2472
650.464 349.605 -27.3975
691.722 327.639 -8.54797
643.031 409.508 -108.123
688.038 383.216 -84.3389
696.815 398.746 -108.254
685.603 437.35 -158.485
149.788 333.378 172.759
162.314 344.583 153.779
181.084 348.575 143.022
199.856 352.568 132.266
218.627 356.561 121.509
237.398 360.554 110.754
272.41 345.799 121.378
274.94 368.54 89.2399
296.209 369.648 81.773
313.731 375.084 69.3717
335.001 376.192 61.9048
352.523 381.627 49.5034
372.544 384.177 40.3917
388.816 391.054 26.3457
406.338 396.49 13.9444
428.857 396.156 8.12218
452.625 394.381 3.94481
462.651 408.469 -18.3252
491.416 400.925 -15.9234
511.437 403.476 -25.0351
537.704 398.815 -25.9229
565.22 392.713 -25.166
610.226 366.421 -1.38206
615.255 386.277 -30.2312
666.508 352.774 1.7767
741.496 291.872 65.0354
640.336 434.31 -103.62
687.841 405.133 -76.5468
714.108 400.474 -77.4346
689.153 454.941 -145.759
152.09 352.411 183.841
165.865 362.173 166.506
184.635 366.166 155.749
203.406 370.159 144.992
222.178 374.152 134.236
240.948 378.145 123.479
265.966 374.926 120.947
280.99 383.246 105.256
298.511 388.681 92.8545
319.781 389.789 85.3876
339.801 392.34 76.2759
354.825 400.66 60.5849
378.592 398.884 56.4077
392.367 408.646 39.072
411.138 412.639 28.3154
431.158 415.19 19.2038
448.68 420.625 6.80243
468.7 423.174 -2.30926
488.721 425.725 -11.421
514.988 421.066 -12.3088
532.51 426.501 -24.7101
563.773 416.072 -19.0188
608.78 389.781 4.76517
608.812 415.405 -30.6631
691.296 345.849 42.4644
767.534 283.503 107.368
658.878 434.595 -71.1566
745.11 360.712 6.90532
771.377 356.052 6.01747
693.954 471.089 -131.387
158.139 367.117 199.857
169.415 379.764 179.232
188.186 383.756 168.475
206.957 387.749 157.719
225.729 391.742 146.962
244.499 395.735 136.205
269.518 392.517 133.673
288.288 396.51 122.916
302.062 406.272 105.581
320.834 410.265 94.8244
338.356 415.7 82.4231
359.625 416.809 74.9563
382.143 416.474 69.134
394.668 427.678 50.1536
414.689 430.229 41.0419
433.459 434.222 30.2853
450.981 439.657 17.884
469.753 443.65 7.12753
493.521 441.874 2.95015
512.292 445.867 -7.80637
541.057 438.323 -5.40463
569.823 430.779 -3.00281
594.84 427.561 -5.53534
614.86 430.111 -14.6472
659.867 403.82 9.13685
783.578 286.673 136.542
673.673 439.206 -43.6271
787.389 333.596 70.62
827.398 313.073 87.8249
697.505 488.681 -118.661
161.69 384.709 212.584
172.966 397.354 191.958
191.737 401.347 181.202
210.508 405.34 170.445
229.28 409.333 159.688
248.05 413.326 148.932
274.317 408.665 148.045
289.341 416.985 132.353
304.363 425.304 116.663
324.385 427.855 107.551
343.155 431.848 96.7943
360.677 437.283 84.393
379.448 441.276 73.6365
398.219 445.269 62.88
416.99 449.262 52.1234
435.762 453.255 41.3669
455.782 455.806 32.2552
473.304 461.241 19.8539
499.571 456.58 18.9661
518.342 460.573 8.20959
532.115 470.335 -9.12605
560.881 462.791 -6.72432
593.394 450.92 0.611745
599.673 469.335 -26.5925
635.933 453.137 -14.3221
738.407 360.507 85.122
657.235 479.871 -57.2174
773.451 371.377 60.3194
813.459 350.854 77.5242
706.053 500.502 -99.3556
158.995 409.51 217.086
176.517 414.945 204.685
195.287 418.937 193.928
214.059 422.93 183.171
232.83 426.923 172.415
251.601 430.916 161.658
276.619 427.699 159.126
292.892 434.576 145.08
307.914 442.895 129.389
326.686 446.888 118.633
345.457 450.881 107.876
364.228 454.874 97.1193
384.249 457.425 88.0076
401.771 462.859 75.6063
421.791 465.41 66.4946
439.313 470.845 54.0933
458.083 474.838 43.3367
476.854 478.831 32.5802
498.124 479.94 25.1133
515.646 485.375 12.712
533.168 490.81 0.31071
559.435 486.149 -0.577129
576.957 491.585 -12.9784
590.731 501.346 -30.314
629.49 482.265 -14.754
693.235 434.341 33.7017
649.542 510.441 -59.294
719.534 455.305 -2.61435
814.512 371.328 86.9609
703.358 525.304 -94.8531
162.546 427.1 229.812
180.068 432.535 217.411
198.838 436.528 206.655
217.61 440.521 195.898
236.381 444.514 185.141
255.152 448.507 174.385
273.923 452.5 163.628
295.193 453.608 156.162
311.465 460.485 142.116
330.237 464.478 131.359
349.008 468.471 120.602
367.778 472.464 109.846
386.55 476.457 99.0891
405.321 480.45 88.3325
424.092 484.443 77.5761
442.863 488.436 66.8196
462.883 490.987 57.708
480.405 496.422 45.3066
500.425 498.972 36.1948
517.947 504.407 23.7936
537.968 506.958 14.6818
557.988 509.509 5.57019
576.76 513.502 -5.18637
594.282 518.937 -17.5877
623.047 511.393 -15.1859
653.061 502.406 -11.1394
650.595 530.916 -49.8572
699.348 500.298 -21.1389
738.109 481.216 -5.57893
705.659 544.336 -83.7716
